Days taken for delivery: 
 mean = 3.2626262626262625 
 median = 3.0 
 mode = 3
Number of delivery attempts: 
 mean = 1.292929292929293 
 median = 1.0 
 mode = 1